1275.36
4666.66
323.936
5503.12
！！！！！！！！！！！！！！835.554
5869.61
695.156
5671.41
1283.09
5291.13
698.075
4466.37
895.815
5939.29
875.814
4503.96
837.293
4372.98
835.554
5339.07
962.151
4149.18
919.623
4716.08
1495.52
4441.71
815.596
4390.24
753.39
5696.05
1547.64
5332.33
360.925
5129.48
830.637
5308.95
1733.54
4105.75
1071.11
4478.51
735.613
5694.8
689.604
5599.6
1002.82
4880.23
1162.68
4853.07
1340.68
4827.09
1642.23
5005.48
1173.63
4863.17
608.68
4514.11
1183.2
4527.25
1406.64
4621.8
486.228
4903.69
1434.04
5302.53
1215.88
5298.54
641.693
4898.78
964.756
3514.7
867.028
5126.67
1683.09
5159.29
859.649
5027.33
377.776
4827.52
1110.64
5192.84
1213.35
5008.93
1034.86
4876.03
1330.35
4503.88
1056.28
5649.62
1165.27
5626.77
774.725
4466.36
751.587
4796.68
1537.91
4653.81
1593.37
4586.14
864.05
5141.69
1011.38
5289.26
617.952
5256.67
626.789
4818.8
1312.06
4559.36
868.755
5220.25
464.443
4943.39
1392.12
4796.54
644.562
5817.06
1077.08
4947.87
1295.96
5637.07
809.445
4257.42
904.834
5012.05
291.31
5320.03
1186.07
5238.63
826.793
3714.53
1449.03
5291.48
874.608
4533.97
1221.29
4745.63
1018.59
5220.37
1186.59
5475.41
1263.19
4552.47
683.418
4703.74
714.511
5360.66
698.701
5030.44
760.506
4539.86
343.174
6007.14
861.847
4683.6
1047.2
4641.54
686.779
4695.69
970.656
6058.25
1496.94
4663.92
1048.49
4603.39
1101.58
4942.07
1329.33
4039.39
947.902
4554.49
851.668
5358.19
1018.74
4273.43
956.15
5434.09
1024.47
5228.98
1474.76
4510.62
698.441
4828.56
851.211
5405.16
1401.21
4853.98
1068.16
4177.3
1104.26
4753.29
725.599
5454.49
1041.83
4920.88
1161.83
4293.8
---------------------------------------
692.823
4864.64
657.45
5361.11
864.79
3581.9
932.602
4701.44
567.974
5548.07
697.787
5909.16
847.275
4832.63
947.047
4284.34
1033.19
5159.78
728.815
5354.15
684.854
5803.23
853.202
5196.69
791.587
4538.26
1095.63
5555.57
1496.74
5294.49
497.714
4728.24
519.404
5648.15
1014.49
4311.94
939.249
5971.06
659.205
4887.07
935.453
4816.45
752.653
5538.36
844.362
5181.6
1398.82
4242.26
1156.99
4629.42
647.955
4957.22
477.038
4487.05
636.294
5304.61
724.831
4405.87
1082.55
5180.36
922.46
5389.32
976.232
5233.18
865.869
5126.08
567.981
4924.87
362.102
4877.46
640.458
4758.35
343.596
5459.93
1148.81
4209.08
1231.83
5758.58
557.415
5254.86
683.324
4794.82
874.159
4983.13
1316.9
5129.85
584.572
4650.68
715.435
5337.05
242.271
5673.25
374.834
3712.41
697.523
5684.68
1010.55
5132.09
810.674
4786.27
682.694
5437.17
1025.82
5136.11
840.796
5238.97
761.824
4960.04
921.097
5301.11
913.106
5344.7
621.946
5647.02
967.554
5134.11
1262.88
5721.13
280.174
4798.77
1191.11
5318.83
938.843
4595.67
